0011000011000010001111101000111111011010001100100100101000101100
0000000001111011011101011100101111111000110111101110100010100010
0001011101010111101001111001110000111101100111100001110101101000
0010111110110010000111111001011001000010011010100100100000111100
1000110111100111000111001000011100010011110111010010111110100010
1010110111111101010000101111011111000101100101101110000000100000
0111110010000001110011011110100110110011101101011001101101010011
1011000100010011110101111000111000101111010000011111110101001001
1001110111101100010110100010011000011111111101001000010100011110
0011100110110111011010100100100110011001101000110001111010010000
1101010011000001110111010101001010101110101000000110010000000100
1110111110000111010110111001110000000000110001011010100111100000
0010011011101100001001110100100111101010100000101110110001110000
1000000001100000110111010011110100111101010000011110000000101110
0100101000010010111011101011001111011010111001011110001000011010
1110010101101111000000100010110111010101101010101001111000111000
0011011011001101101001111110111101101110110101110001000011000101
1010011100011111000100111011001010000111110011000000101001111001
0111000101011100000010010010000110110110100011001101010111100000
0011100001000101110010011001110001100101001000101101011100101010
0111011110110011000100000011010011111101000001001111010111010110
0000011001001011001100010010111111000001110101110001010111110100
1010100101100111101011010111011000000110110001010010011010111011
1111100101101101111101111110111000101011101000101101011000111001
1111111001010101000110001111001001101010000011100011011000100001
1011010011100011011010100100010000010011001000101110111111010100
0001011010001010011001111100100001101010110111111110010111110000
0000101010101110100010000110001111110011110010001010000111100011
1100011010111110111011000100110011100001101001010100100011110000
0010010011100011111110111101101111011010110110000011011001010001
0000101101001010000100100101101100100110111101111000010101001010
1100010100000101111011011111010111101100110001111010101011010010
1110100100101011110110110011010110001010000000001011100100001110
0101110010000101010001110101110010110011011100010100010011001110
0110110110001101100101111111111001100011011100110010111111111000
0011101001100011101010101011000011010111100100110010101110101101
1001001000111010011110110110000101001000001001101100101011010000
1111101110001000111000011100010101001010100011101111001110111011
1010000010100011111010001010001010001110111100100100010110010000
1011000011110101101101001010101100101000100110011001111111100000
1010011000001110100010001011000011011011111001010111000110001100
0111010011010001010001001110101000111110101110100000111100101011
1110000011001111111001000100010110000111010000000001000101100001
1100011110111010110000101000100010101001101001011011101101100001
1101000100010100000100100011001101111010101001110100001000101110
0000100100100100011110010110100100111001011110011101011100101011
1101000010001001100111101001100001101100101101110000100010100101
0000001001110110111101011110000001110111001000110000010100111111
1101011011010101001010011110001000101111000111110110111101100010
0011000100011011000101000000111110100000011001011111100001110101
1100001100010001010011010000100011010000000100011111100110101000
0011000100010011010100110111100011011011100000110110001001000101
1010101000100100100010110000101001110000100101011000111101000011
1100101111010111010010110010100001010010011011111001100011111110
1100101111000101101000001101011001111010000000010000101110100001
1010101100111011001110111101001001111110001011011101011101001101
1000001100100011010010000100001010100001110010001100111101010010
1111110010101001011110010100110001111000000000110100110001001011
0000111101011111101000000110011001100010111111111010001011001110
1100011000101110100000101110110111100000101100111001111001111001
1100100001000001010010110110100101110110110111001101111011101001
1101101000000010011011011101100101000001010011000001101110010000
0111000000000011110011110110000011101011111011110110110000011100
0010010000001011101110111011011000011010001100110100011001110001
1001111010111111011110111000101110111000001000110001010001001010
0110010101001101010010001011101011000100010100001000110111111001
1000000010010110010111101101011001111100111001000001100001010000
0101101101001101100011001000001011001101010001111110111101001001
1111110010110010010101101010100010100000001000000110010000101000
0100011110000000111010001001001110010111010100011001000111010011
1001110111110101101100111001100001000000011111101111001111111111
1111000000100111000000110100101110011111010110011111110011111011
0101111000010010110101100001110010011010111000100111101100101111
1001100110011100111110011010100101001110001000101000100000010110
0011000111100000111010011100011000100011100001100000110101111010
0110001001001010101111100001100101001000110110110100101000111111
1010110001000111100100101110110010110101010000111001010011000000
0010111110010111000101110011011001010011001011110110100010111010
0001101000011110110101001100001000010110011011111100111000100001
0001100101001011110011010010010100110010010101110001110110001111
1011110110110000011111011000001001010110010111111011011101110000
1111101010011001110000010110100010001000110111101111011011111110
1001101001111110101001010000001000101010101010100111110010111001
1110110110010111000011011011100111100101000111110000111011000000
0100100101011010001010101001010111011000110000000000101101101001
1110100101100111001000100101010110011100010011111101001111110010
1001010110111011000110111010011101101110011110110011111110110000
1010011010100011111000101000011001110001000100111101111110111001
1000000011011010110000101000011011100011100100111110101001000101
0001011101011000100100011101010110010010101000011000110101001110
1000110101101011100000111000001000100001000100110010110010001000
0111100100110111101000010010110101001010000110010100000101111110
0010100010000101111001001101000101000010111101000100100001110001
0101011111000100010000101001001111011101011100100100000010000000
1110100000100100101111110000011110010001100010110100101100100011
1010111100011101101000100001010110101001011101110011111011000110
1101001010110001110111010010111010011101010100000110010101111100
0001101001101010110011010101000000101000110110100110000000111001
1101001101011111011110100001000001111000000110011011010010110011
1010101010100110011101010000110011111000000011000100000011111101
0011110000101101110101111010001011100001101010011100100100000000
0111100110111001100100001100000111010011011110001110110011100110
0111110111100000101100010100001111110100011101010010101010111001
1100100011010010011111001101011100110000011100111111100110000100
0111101010100110000000110111010111010101101101100001111110011111
0101101100101111001001110011101001001011100010111011101010001110
0100110100111111100110111100101111110100010010000111101111111011
0001110000001010001001000111010111110001000011100010010000100111
1100111100011101001011101110111100110101111101000000110111000111
1110001010000100100001010011100001011011101110010111101111011111
0011110110101011010101001101110100000100101011001001011110000111
1001101101111110111110010100000011110101001101111100001100001111
0111110100011111111000101101001111110110000000100110011011111100
1111001110101011000100001000001100011110100101111111110111111111
1100010100010010111100010001011011110101100000001011100010100100
1001110010110010010010111010101001100011100001001011001010001111
0000001001000111001110111101111111110000011001110100100000000110
1110001011111010000011110110101011001011100010100000011110011001
0000000100110010110100100100000000110100100100111101011000001111
0001000111101111000101001000010000000010010010011100110011000111
1010100000000110001011111011010110011001110111000001110111010010
1001000111000000100111000101011011101010011110000100100000110001
0100101111000011001111101111100000110110101101111010010010111010
1100001001101101100011001011001100101100010010010010101101101010
0010001101011101001011110110010111111001110011101100100000100011
0000011000010111010110001000001100000100101010110111011110110110
0010101111111101100111000101111010000000010001001100000001100110
0000100100011101110010011100010001010000011011101000000011000010
1111100010111100010101101011101101010100010011000111100111001010
1000101111010111010000000100010000110101001010111111100011101011
1101000100000011111111011000100001100100110000100111101001100011
1010001111000010011010001111111101010101100111100001111100101001
1111110100001111010110010010101011000100010100001111101011110101
0100100100011100101000101110101100100101010011011000011100110101
0010110110011010111101010010110000011101110101111001001100111010
0100110111010101010100110011101110111011001010101000000111001001
1111100100010100001010101101010000110011011110000001010101011011
1101101011111100001110110101010001111110111010010110100100101000
1101110000001101000101000111010001101001000101101100001110000101
1010100000101110110011100010100100101100100000110100111000011101
0010001011011001001100011100101111000111101000001100011000101000
0010000000011110011001110001100011111110110100011011101110101010
0011100111101010001011101001101111011101001001111101010011010100
0010111000011011111011010111110111010010010101110011001010001101
0111011001110110111000011100101010101001101111011111010110101000
0100100011110110000110001100101001110000000001110000010111011010
1111110001111000001111001011101111110011001000100110101001111100
1011011101110111111111011010101100100111100101110011101111010100
1100110010000011101100011111100100001100111010101010101111111011
0001100000110001011011010101110000000001101000011101110111011001
0101001101101111100101010101001000100000001110011000000011011101
0101100010000100001001111001110000110011001110100000011011000100
0001110001001001001011110001101010000110101110010010100001010100
0011000001000110011111110110101110100110100111111111010111100111
0001110111101100001010100001111001000010111111101010010110110011
1001111101000101001010111010001100010001100010111010011110001101
1100001111111000100100101101100010100000011110001010111000101000
1110010001100010000100000000010101110110101100100101111111101011
0110101100110101000101111110111111010001100110000011111100101111
0111011000011000110101101010001010010010100010111001101000110000
0101010101100100101011101000000010100001111110101010110000000001
1101000110010011100110100000010100101101001101101101101011001010
1000010100100100111111110110010110010101001111010000000100100010
0111000100000100101011011111110101001100001100100011100100110100
0101111101011101111100010100000101010000011011110101001101100100
1000111100101110110101000100000110100000010111101101100011111011
0111100010010100111000000100101111000101010010010101001101111110
1100100100100000011011001101100100110110011010000100001101111100
0111011101100010101101001100110010101101001000011101011000101111
1001100010001111101010110101011011101110100001101011000000001000
1100110111110100010110010010010001110100001010000110110010101100
1001001000111101001101011110110000000110100111110111110101101110
1111100000000011000101110011011101110011010001110011011001110111
1001101111110001000101010100011011001100001010111001000110000000
0001001101110110101001100010101101110110100111100110100110001010
1001011101101110110110001101100100111001101011011100100100101011
0000010000101100011000111011001101010001011000101110011110110000
1001000001001111011101111110111110000010110000010011110101011001
0101000011000101000000100101010001101110110001100100011001111011
0100111111101110110111000101000100111000010101001001000110110101
1001100101101010110011000011001000001101011101111101010100011110
1011000111000110000110101111100010101101011001011010111001101100
0110000100110010001011011100000110000010111100010000100001011010
1001110101011001011100001101010001011001110000111100111100101001
1111110010011100111011010101011111001010011100000101100000010001
0000110000011011111001010011010000110010000111010110000001010101
1011001010101011100001011111010100110100011011000001000101111100
1111111011010001110010010000101111001011001010000100010110110000
0100010100110100110011110101110001001001110010000101111101010010
1110011100111000101001011111100010001101101110001101010101010010
0011010110001101111011110011110111101100000001001110100101100000
1011000011000001010001000001100100100010010010111111100110101011
0110111110110111100010001101000110100000011001101101010000001000
1001101101110011101001111110010101001011010000100001100011001001
0111101111111010110010011101111001100111001110110100011100111011
1100100001010110011011100011001000011100000001100110001110100111
1010010010101100110000110001110110100100011000011111000101101000
0001101101101011110100010000001101101111011010110000100100000010
1000110010000011010010111111111100110010100011010011010000011111
0110011101001010011011100111101111111011101001011010110010010011
1110010011011001110011010111111000001110111111001011101111101111
0100001111101010110011000010100000011101000010000011010101011010
0101011011001010111100100001101000110100000100010010000100110110
0111011111101000011101001110101001110101001100001000001000111011
0101000100111000010001000000111001010001001000011110111101101010
0010111001111111100010110001011000110000010110001101001111110110
1100101101100101110000001011001101100110001010010011100010110001
0100110001110111101001001101010111010010000010110001110000001101
1000110001111101010110101110111101100101110000101010110101010110
1010010111110110101111000100000011011010001011011100101101110110
1011111101100010011111111001110110100010011101000001110110001110
1110111100001011011111101001101101100010010111100011000111001001
0100111010010100001000111011100010100100001010110100010010010011
1101101010001100010110000111000001100110101000111001110010101001
1100100011000010000100101111010001000101001111101010010110001101
0111001011110011010000010010111101000000000100100100100001010101
1001011011100001001011101101101100011110101111001000111111001011
1100000010010000100111101101001000110001111111111100111110110001
1111101101100100001110111010111101101010100001000000111011111110
1011100011001001011110001111111111010010001100000001000100100110
0010001101101101100100001111001000111011011001111011011100101001
1100011000011110111000000010111001010010101001011001001100000011
1101010011101110100110011011001101101101000001010111000101100101
1110011111001001001001011000100111111100111001100111010100010010
0000111001010011011010111011001111010101101010100001001101111010
1110010100010010100001011100010100100110001101110011001110010011
0010101110000100010100101110111100111100001000110011001011010101
1001100000111001010110011000011010100111010011011001110110010110
0001011010110000010101000000000001000101111101100011010011011001
1010000010010011101101011101101000111011100000000010010111001111
1101000001001001100100101100010000011110110001111011000101001111
0011100010101011100100011100100111100000001100000100011101100111
0000101011010000010010001111001010001011100001000001111101110101
1111011100100100001111001000011110100101110010111101101010110101
1010000110100011011011101100001011010100101101010101111001010001
0100001101011100110000110000111000110111101011010011000110101101
0011111110100010110110101110101100101011010001000101100000011001
1111101001101000000101000100100001011111100000111010100111101111
1111110110100000101001111101101001111001000001101100000001100001
0101010101010110101110100000110111011100000011011001111111000100
0100001000110001001000010111111111100100010011010101110101111011
1110011010001010111000100011001000001001010001111110011001010011
1010001010001000101010011010001011110100011001111010110010010010
1100001001110111101111001001101100101100111000110011100010001110
1001000011010110010111110000010111101111001010000000001000101111
0111000111100000100000101100011100001010111000110011111101001100
0110100000010111111100101011010001000100101001111010000000000000
1110101100011101111110011101100000111001010000011110001010111001
1001011111101000000011001110011110101010111010101101101011011111
1011100101100011000110101110100000100001001001000100101011000100
1100111101100010001000101111010101001011001101111101110101100110
0000000001101011111100100111100100110111000111000011001111000001
1001011001000100100100111111011110111110101001100010111010000010
1100010001110000100110111101000100101010110001000101000111010010
1110010011001101101101000101100011111111001011000111001010110111
1000110000111111101001000011011101000010100011000101100101111111
1001101010010000011110110110001011000011111101100101011010111010
0111111101110000101111110001001101110101111110000101011001000001
0101110010101001111010011100001011111111001100011100111010011111
0010010110001100000001011100111000111101000100110110010111000011
1011100011000100111110011101011011110001011100101000110000011010
0011101000101110000010000010110011011001001000011101100001000100
0000100010100011000000001100010110101010110010010001111110010011
0100100101011110101101001101010100010001110000000000111101000001
0001100000000110001000011010101010100100000001001001011001000110
0110100100101000001001000001100000001101100011110100000000101001
0010011100110101001111010111100101111100000101010001010101011010
0010111101100001110110110110101001001000000011011110110000101101
0111001000001011001111101011111101101100101001110000110000100101
0101011011001001101100101000000110011100100100111111111100100010
0110010000000010011100101001001011001101001111111111101010100110
1111000000100100001001101011010011000101000101011010100111001001
0011001100110100111101000110101111011011100111001000010001101101
0001001000100010110111011110011101010110010001110100000010001000
1010010000100111111011110101011110011000111011101110010110101100
1010000111100010010000011001100101111010110110000110100000111110
0111010111011110101100111000110000000011011111111111101100001100
0111000000110110111101110111100101011100010010110011100110011111
1101101100011011101100010111011101110011000111001010111000111000
0100000010101010011110001101110100010001010101111100101100011000
1011101000100111000111110111110011100111011010110001010001011011
1111001011111110101000001001110000011000110011000110001110110001
1001011110100100110010001010000001011101111010000001000000010001
1001010111111111110111110100010100000110000111100010011011011100
1001000001101010000101010001011110111111110011001110001011011001
0011101100100111101100100011001111110100011110011100001110111111
0100010001110011110111010101101110010101111001001001001011001001
0001100011101100100010111000111101011110001100111001000110010101
0001000110011001010010000011000100001110111011100000101110001010
0110111010001101000010010001001100010100001101011010110100111001
1111010101001111000110111001100111001001111111010001001011110011
1001111110110001101110010111010101010101010011011011000011000011
1111110011010001100000011110110010111000110011100000100011001000
1100011000101110011100010001100110000011110011101111101011101011
1001010011000000110101110001110100110000010110010111001000001001
0001000001110000010110001111101000110100011110000110110100101010
1001001101010000111110110000100000111101101000010011001100110100
1110001001011100011011110100111100011110011101011001011000100100
0100001011111001000011001101011101000110111001000001011010000011
0011011110010110011111110000010111111100010001110001001111011110
0110000100100100100110000011000010001011100101100100111010001111
0001111010010000100010000000100111010100110010000001100100010111
1111011110111111010100011001011100000101101010011001111010001101
1010011011010010101111011101001100100001111101011101001111011011
0101000011111010001110001000000100010001100110011000010101101100
1001101001101110101101010000011001000000111000111011110001111001
1011101010011110101101110000011011010111111011001011110101000000
1110000010000000001010011111001010101111101100000110011011000001
1001010100100010001101100110100000001000110110001110101111000010
0001000100110000011011100100100111101111111111000100010000001101
0011100011111011010000011011111000010100110001110001000001010101
0110111000001000110011011011110000101000101000010010000001010101
0100100100101010011100100001011110001010101101011100000110111111
1100000001011100101010000010011110110110000000001000010100101001
1100000111001111100110010101101001010100010001101001011101101001
1110001010000001011011011111001011101100101011110101001111000110
1111011000010011000101000000101011011010000011011111110011101000
1111010101000100001101101011100100001110111100011010110110101111
0111001111010000110000001001000011111000001111101111101111010010
1111000000010110001100001101110101101100100011000111101001100001
0101000011000010110011101001001011101001011101100000001000001101
1111111111111111010111101110100011100100101001011010010101000000
0001000010100001111011110000111111001001010111100100010010111100
1101000101111100001111111111010101011010100011101100100000100001
1011100010000001001100001100100100101011010000100011111111010001
0000100111010011111010001101111001010101010110010011101010101000
0100010101111111011101011100010000000100101010100000111100001011
0110001011000100011111001100100111101111001000010001000001010100
0010010110001010001110001010101001110101011101000111001011101101
1100110111011001010000000001000100100100110101011111111001010111
0010001011001000001000101100111110010101010100101110011100000001
1111011101111010000000000011111001011101100000000100000101111010
0000101001111100010111010100100101010110010000101001000010001111
0010100000111101110100111001100100111100010011101000000110000011
0011011111011111001101111011011010001100010111101010011101111101
0110110010001001000100111011001000000100010011111100111110110001
1011101100101100000001010111100100111111111001000110001010001100
1001101100001110111100111001110100101000100100001000011010010011
0100011011010001001001111000011101101110010011100110000001111110
1000100011100111010011000011011110010111100001100100011000001011
0011010011001111011001101001110110110111001101111001101010010101
1000111111111001110111001001000001111110010010000111010011101001
1100011101011000111001110111101111100111111011001101010000110001
1001001011010100100110101011100000000101001001100000001000000111
1001101101011101010001111011010111001001001011100001111011101100
0111001110010010100000110110010000101101001111000101100110011010
1011110100111011111011010101100100100110010011110111101011001110
0110110001111101011011001100000000101001100111111000110001010101
1001011101010110110101111101010110000101010111001110011001001000
0100011100111111110010001110010100110010100010011001101100111011
1110000101011011101010110000001010011001001001110101011001000101
1010110011101010100011011101010111111111010110001000010000100100
1101010110100101001111110111011011000011101110000000011111001010
0011001100001110001010001000101011111001101001100011100001101001
1110010000001111110011000100000111000000100110011111101110001101
0101110101110101010110110111110111001111000001110011100111101111
0111010110010111001110110001001000100110110110100011011001110010
0101101101100101101011101101000100101100100000101101001010000011
0000111000000001101011001110101111000010101111111000101010100010
1100110001000100101011101010100111100100000001101011001011000011
0100011101111001001100001011111000111011101011010101000010011101
0001010101110011110111110011000001011111001001110001110010110110
1100111010000101110001100011111000011000001111100110000101110010
1010010100101010001101000110001000001000111100111110100000000101
1011100110111000001101000100100001010011011010001000100111011111
1011011101111000000010001101100100111001110010101011001110000111
1100101001100110110010111100001011010100011000111011010111010011
1011010010000000101011000110011000000010110111011101010011000111
0111101111011000001110001110101111111101001001110100100100100001
1011111001101000010110000011001101011001100111000010000100100001
1011110001101001100000010100111100101101101001110001010100101110
1100010111011011001111011000110001001100001001100110000010011000
0001000001110101111010010001011000100000011000100110001100110110
0000011111110001110000101000110001101011001110111111101000111000
1111000000101101110000111100110101101100111110100000001110110001
0110001111111110010101110001100100100100010110000100010011110000
1011000111101101101010011110101101101111011100001100010011101011
1100010000001111011101001010100110101101111011100011001001101110
1011101110001110010110010000000100011101100111100110010010101111
1000110001110110000100010000010110110100001000000001010110110101
0100111101000010100101010000001111011100111110011111001100011101
1011001101000011111001100111101100111000100001101011111000101101
1110010110110110010001010100100011111001100101111001110111000111
0111000111111101000110100001010011011011101010000100110101000111
1100001000110110010111011110110001101001101010100101000001011000
1011001001011010100100111001001100110000100110101100000110101011
1100001101111010101010110010010110000001100000101001010111011100
1111111011101110010111010001110011101000101001111111101011111001
0010000010111010000110110110100110010000100000101100111111011010
1011011010110101101010111000101110111011101011101011000101011101
0101011101010100000000000011111101010111111010010100110110101001
0110001010111010011011111001100101011100000100010101101001110000
1111011100110101001011100000100000001010111111111000010111010000
0011100100111011101100000000111110101010101010101000011001100010
0011000001010101101100111101101101011000101010011111110011100001
1000101010000011100010100111100010111001011010011111101001001011
0110110010101100100011100101100110111100101011000110010001110111
1011110111011110010011101010110111110010100101101011110000100001
1011001110010100000101101111100100010011110111100100110100101101
1101111011000000011110101100001010010000011010001000011100111000
0001110110010101010010100000011010010001011000111100010010011000
0111011111100011001010110111000000010010110100111010011000110101
1001000000110010011011111000010001101001111001011111101110101011
0100001110001100101110000000101100110101101010011001100001000010
0010110001111001111101111010010011100000011000111111001110100111
0100101111101000101011100001100110100110010101110011000111100011
0101001011001000100001010100011111001110001101000101111001101010
1010011011000000010111111010110101101100001011001110111111010100
1101100100111011001000110010110100001011100101101000111110111001
1111001010111101111001100000100011011100001011110101110100110110
0011011001110001100101010100001110101001011101101010010000001111
0111000001000100000101011001111001110000011000000111110110010000
0100101011111010000010111110010011010111010110110101011100101001
0010000101000000100110101100100111111001101011000001001101101011
0000011110101011110111000100010011001000010110000001101011101101
1010001001101110001111100001110101111011010000101100110101101000
0000010000111111110110000011101010101011011010011101111001001101
1110001011010011110110000101101010111001010011001001110010010001
0100100010111110011000010100001101011001110100100011101000001010
0110111010000011001011111101010011100010100011100100011000001100
0011111001010010001001000100100010011110111110000111010010010011
1111011101111001111000111010001110000110010100010011100001011101
0111100100101001010110111011001010101100011001011100111010010101
1000110001001011101011011000010110111001101111011011011110010101
1001010001110110011011101011011000100101010110111110010011111111
0111010100010010110010110001001100110101110010001100010111000000
1111111111100111101000011111100110111010110001101001111011110101
1011001100111011111100110100001111001010101000011000000010011001
1000111001011001101111101101010001110100101111010010110010011110
0100110100100000111010101010000100011011111011011110001100110100
1010101010110001010000010110101111100011011001001000101011010111
0000010000111111101101101101010010100101010011111011000011010111
1000000011010101011101111001011010101010010101101011101010111100
1100001110110010001110010101010010011001000101011000111101111111
0011101101001011011001011001010000110100001110011011000101010110
1011011100000000101100101010001100111000011000010011011001000100
1000100100010100111010110001010000110000100111011011101101101101
1011000001001011111110110101110001011100011100111111001000111111
0000001100000000000101011000111000010101000101011000010110001101
1100000100001000110011011101010011111010011011000001110110110100
1111100011110000001001101111100000000110011011101000010100000110
1110100001101010011010100111000110111110100010101101011111100100
1001001101111110101010000111001010101011111101110101100101011101
0111011000100110001001010010001011101011010110010000011001011110
0001000001110110011000000100000001100010010000011111001110101010
0010011011110010101000100011101001000110001110100000101110011100
1001101111111010001011101001010110111000011110111011010001000010
1000010010111100111011111110110010111001011000100000010001010101
0111100111011010000111111000010001110111001111010010111001010001
1111011110101111101000001011111001110000110101011011000100000100
0001010010111111010111011011100010010000111100100110011110111001
0010000010111100011011100001000011000110010111011001101110010101
1110111101100100010100011010011011010100001100100001011000101000
1110011101110100011100111101010100101101001100110101001001000110
0000101000110001111101011110010011110110001000110101111000010111
1100110011111010000010001001011100111000001000010010011001111100
1100110100101100100101100001010111110100001001101010000100100010
1111010001001001010100111001011111010101100100101010110111001100
1101010011001010100101000101000000110000011100101100011101110000
0011110100001000010001100110000110100000001010000110010010010011
0001000001111100000000000000100100010010000011010111111101110011
0110001111011000010000110110110010001001100100010001100101110010
0111010000001001001100111011111100111110001011010101101000101100
1000001110100110111101100100110010101011001010110001010110001101
0000011011000010000110000100011000110001000100100110111100100100
1010101100000001001111110101110110010000001001001111001000010001
1010111100011010010010000101110111010000110010101101001001001011
1111001010110110101101110010011000110001111001110000000011010001
1100011011101001101001001000001100110010001000100110010001101101
0111101110001110110110001001010101000100110011010110000000010001
0001000001001100111101100010100000001110100101101011010101001000
0001010000111001101101000010101101010110100101101000001110100010
0101110110100000100000001001111011001111010101001111110010011001
0110010011000000100001010010111000010110110011011100100101000011
0110100101001001001000011101110001010010000101000000001010111000
0010101001011111000100111100111010111110110011010000100111110110
1100010011101100010101100111111111111110101011110011001110000000
0011100001100110010001010010011111000100001100110010110101011111
0110100101010011000110100100110011001011011010111110111100000111
1111111000011000000001000110001100001111111000010110111111010000
1000101011000110100101101101111110000101110110111111010000000010
1100111111010000011101001011101001110110101010011101100000111110
1111001111010011001001100001111010100000110100101010000110011111
0100100100100101011001001010111000110010001001001101000101110100
0110011100001010000110110010111011011011000011000000101001100101
0000110001001011000110010101001101100111010100110100000011111010
1110010110011010100101110110111111101101101001011000000100000101
1010011000101110110001000001010011110110010110000010110010000111
1001101001000001100011010001000010111011001001111000001001111011
1111101011100100011110010101111110011001110010011000011010101010
1010101011100101101101100100101001011011001000100000011011111000
0101100111010100001000000110101100110110011100010010101001100011
1110100001011100111010000011101001101101010110111111111110010100
1101110111110111111010110110001111011011010100111011110001111001
1111011110111011101011011011000010010110101011001011010100000010
1010011001011001001011100100111001100101000110110001111000110110
1001101101101100100110010010000001001010001111001010011011010101
1001101110001101010110011011110010110110110101001101100011101101
1001110111111110011111111000110000110001000110000010001010011101
0110011101000011000111011101010010101000100000100011010101001010
0011101010001101011111010011110101111010101011011001101111100011
1101111101011110101111100111010010010011111000100100000001010001
0010000001000111101111000111010011110010001101100011111010110001
0010000100011110100001101011111000110101000100111011101101101110
1100110110000111100001011000000010110000101000001111101110001011
1010110010001101111010001001001101011000010010101001011101111010
1111100000110111100100101010100110111100011000000111011011101111
1100100100101011101101111101110000110111100101001000011111000010
0010100101110111010111111011001101000001010011000011100011011100
1111101000010001001100001010100101100100110000011100111011001101
1110010000001010101100000101101000101001011110100111111001000000
1000100101011011000111101100101000110111110001011010101011011000
0010001011011110100001100001110001101110111101101101101001010100
0100010110100100011110101011110000110110101001110000010110100111
1001111000011000000111001101000100001111111001001101010100001101
1000011100001110111010000101111101111101100000011100000010011100
1110011010101010010100101100001011110000100011000111101101111000
1001001110101010010000010110010100010110100000001011111000111011
1011111001100111110111001000011001111011011110101100111100110001
0101001111101101010101001010001011001000010001100000101111101011
1101011011110110101111101010010010000101100101101100100011101100
1010011101011101001111011100110011111110111001010100000111010101
1101101010011010111011111001111001111010000111110110101011001100
1100100001001100010111000011000111011011100000001100010110111010
0111100010011011111010100101010011100100001100100100011101001000
0001101100110100001111010101101010101001001000110100010100111011
1001010000010001111011000000110010111101000100101110101001001000
1111000011101001001010001101101110010111110011101111010110100010
0111001110110001110001000000110100100110011111001011001000101011
0110001101000111100001000111100011000000100101001010111101001100
0011111110110110101011111100110111000110011000100100101111000101
1010110001001011101111010000001111101110010000011001010111110100
0011010011001000000001111010101010111000100001111100110101101110
1000110111011010010111001110100110100110000110101011110011010000
1000100010000100000001001011000100010010011111001001110010110011
0001001000001000011101011010000101101111000101111010000101000001
1110110101101101000101100011011110010001110010011001101111011011
0111000011110101010000000111010010011110111010101001100011000011
0101011100011111000100011110000101001101110100110100100111010101
0100010011110010100101111001000110111010010011101000000011111001
1100010011010100100000000011100111010000010111010001100001101011
0111000111001010001001001011011111010111001101111100101010011100
1110001010111100010010101011010101111110010111011001000100100000
0010010100111110111001001001101110100111101001100011001011110000
0100111000101001100111101001010101101001000110001011110100011010
0000010101111101100011101011001111110101111110110101010111101011
0000010011011001010000111110110000000000010111010101110010010101
0100011000110000111011011111111110000011111000100010010110001110
0001010011110110110010110111001110010110100010001000011010111100
0110011100010010110110010011100111010000101110010001000010000001
0001010101110011001001111111000000110101011110100111011111011110
1110011011110010001000001011000101011101001000000000000011111111
1101111100010100101100011000110010010110101010001100010101010001
1000001101010011110010111011111000111011011010110010011000000111
0110000010000110100110100111011100111111110111010101110110000111
1000010000110111110011010110011011101110100110110000000111000001
0010001100001011111011011011101000010111011010110101111001101111
0110000001101000101101001000111110000110001101001011010011110100
0010111101111111110011000111111011100101110110110111101011110011
0111111000000111001000011011101100010001010101011000010100111001
1111001011010010101010010110111011101111010110011101111101101001
1100100101110011110010011011010110010001100101101000000000101010
1010110001011000000101000111001000001010011110000010001011000011
1110100010100000011001001000100100101011001110010111000111011110
0110110110000001100001100100100011110100111000000110010010111100
0010000010010100111111100110001101111011101100111010010101100111
0001000111110011111010111001011000100001100010100100111000010101
0011100110110001110110101010011011010101111110000011010111010010
0111101000101111100000110100110001110101011000111100111001010000
1110011111000011000111111110110110101101000101100001000111011100
1101101111000100110111100100100110111100100011000110001001101110
0001101110001101100101111100000010110111111011011010000110001011
1001000111111111110011110001001000110011001111011100000101001011
0111001001110000011101000111100011001100101011011101010000111101
1011010000010110001110010010010111011100011000100100111110110101
1100100010110110100101111010000010001011101100000001000011110010
1010000110111011101010001011010010111001000001011001010010111010
1100000100101010111110011010011011010010000111101110110001101001
1100001010001011110011100000001010110000110011010100010011001101
1000010000100010010101010011001111110100010101011101101110111110
0010000100000011001110110011110010110010111101110000001000001000
1100100101100001000110000000010101100101100101101110011011100001
0101100011111100000001000000100110100100000100011100111111111001
1101001110110100000110001000110000110001101011110110100001011011
1100011111111011010010100001010010000001111001111111011010111100
1011111100111110011011011011100111111100110011001001100111100101
1001000001010010101010011001011111011111100101001011001010001111
1111101100101101011110100010011110001101001111010111111100111101
1000110010101110110101001101011000110111101110110101000010011001
0111100001110001011000101000111100111101000100110001100010100001
1110110001111010111000010111010111011101101010001111000000101100
0111000001100010100111101000011001101111010000111011110000000111
1000111110011111000000011111011110100111110110010101100010110011
0111101101001001111000010110011101101010110011010011111001001001
1011001110010111100110101000000101101110110110001011110100111101
0001110101100001000100000110010111101010101110101000101011011111
0101110000110000011110001011001110000000110110110111011110011111
1011101010001111110110001111000100110010011101000000111100110000
1100001010010110000011110101111110111001100110111010101110101100
0010001100011000101001110111110000011100010001100000101010011000
1111010000101001100110111010110001001111100100001100111110001110
0010110100111001010010110100001001101100101111001111000001111000
1111001001010110100000100010110010101100111101001111111010000110
0000010010011000001110111011010011110101100001001101001001110011
0101001100111111011011010110001110000111110010000111100110001010
0110000101101110110100010010011100000111110001010001100010001101
1000110010110010100011000100111011100000110111001111101011101010
1001000100111000001010010000101001111010110000011001100110011110
0101111000001010000000000011111101011011110100011110001000101001
0000101111100101001110110101001001010011011001000011100101111111
1000101100110101111001001011001000111010111111111101110000101101
0100110000001101001011101110010111001001100101000011011000001101
0010011001011110110111010001101001010010110011101100011100000110
1010000011101011000001101010011101011001011101111000100101011111
1001011010110101101000011101001010101010110101101100111011010101
0111000010011001011001111010110011111010111111111101110010110011
0111010010000011110010010100011100010011100011001100110001111111
0011111001101111110010011100010111111000100000100100110110000110
0001010000110100000110001101000111000011110011001100001011011110
1101001011010111101111000101101010001101100000000010100001001101
1111010001111101111001010101001101000000001010000111111000001011
0010001100110000101010011011111111101110000010001111011010111110
0011110101111000111111110010100010111000101010111111010111111001
0100011001001011000110101110001101100100100111001011010101111011
1011110100001100110110011000110011111110011000101110001010000000
1000010101100101011001110011111111110111000011110100101011011001
1110010010111011001000101000100101011100111011111001010001101101
0110101010100011101100111100101000011100010111100011001000011111
0001110100011000011111101110011111011110111000111111110011000100
0101111000101110010011101000000001100100001110001011101011110010
1110110111111111000100111010000011000111100000101101101011111000
1001011101100110101001010110001011111011011001011001001011110101
1110000111000101101111110110000000110111110111010000010100001000
0110001111111111011011010110011011001101110001101010110010011111
1101000000011011100101101101010000011110111111111000100011111001
1001111000101010000110101111101000001000010111001100111001100111
1101110011011001100101101001011100001111111011101011010000100000
0100000011000111101000011001001000001010110111100111000011010011
1111110101100101110011110011010110001101001011110010001010101110
0000101110001010101110110000000111101011000010010101110011010110
1101111010001111000001110000111110011000111010011110010010000101
1111100010010011000101111001000010000010100110111000011110010001
1101101011001100000101010100001011111001001101001101010101101111
0001000011110011101000110001011111001100010000110110101110010001
0011101010010101011110011110110011100101111001111101001101011010
1101010001010111001010111001011110000010110110111010011100001010
0001010001111101101110110000100111100000111110110101101101001011
0000000100000111011010010110101000101000111000000010101110100100
1010101001010000101001110000011101001111001010110100101000001000
1100110000001100111100011110110101010110011001101011011111100101
1111000000001011011010101010000010001110010011111100100111010100
0101111010101100110010010010101111010111100000110111101010011100
1101101010011111111010000000000101001110101110000110001111100011
0111100010001011111110010011001010010100110011011011100101011000
0101001110111100100000000011101011001101101111101011001010100000
0111110000000000001100111111000011010100000010100110011000011001
0001000100100110101110000111101100001010111000000100011010101010
0001011110001011111000111010010100111111100000000000010110110000
1110100110011101000000100110111000001110000110101111001010101111
0000011010101001010011100110000110010100100101111001001101001011
1011000111111110010001111100100000011000010011100010111010001110
0111101100101111000001010000001000011000001100001100100111010010
1011000101011011010011000010011011111010100001100001101101111000
0101000011100111011000111001001001100111011010111110111110111110
1101010010111001111101101001100100011000111111100011101100101000
1111101000110110001100010111100111001110011110100010111011011110
1110010101110101001101110000000110011100010001100110001000111100
0011010011011100110000000101111001001110111000101000000000011110
0010101111010010111001101011010100001000111110110011000110001100
1110010111001100110001010011111010011010011101101111111001000100
1110111111010010111010101001101010110010110111110100110000011010
0100001001000001111111111010001111101101000100110110111111110101
0110110001010010010111101011100000000100011001110000010001010011
1100010100110011011011110000111101011100101101011101011101100000
0101001111000010001001110001001110010111011001100011010111000111
1011010001011000010001010110001011100011000101011111001011111110
0101111101000001010010110101100111001110110001110100111000110111
0111001001001111010001101001010000001011100111101101110001101010
0011110101000100100110100010001111101010100111011000001101111100
0000101001000010101110001111111010101110001100111011011100001101
1101010011110011110001011101010010100001100101011101111100110111
0001111110110011001111010100100001010010111010110100010100101010
1000011110110011100100101100110100000111011101010000001011000010
1001110001111101110010110010001111111010111010010000111010111001
1101000011111101010000101001110110001001010011010101110000000101
1001011101101001011101100101101101000110101100101110000111100101
1001100111111111010101011011011111110110110100111100000010010101
0001101011000010110111010110011010011100011010001010111000110100
1010000001100111001110000011101111010011101010011000011010000001
0010111111101101010100001001000000100111011110100011011000000011
0001100111101001101100110010000000110010001101111110000010101001
0100010000001010000011100110111100100001010101111111100100001011
0111101110011101101010111101110101100010111101010000000000111000
0010010001001111110111100011001010000101001100010010000111111010
1101000101000001011110010011010000011010011110101110111111100011
0100101110110100101001100000111000011110100101100101001010001001
0110101100111101101000000001000010110000101110001010110001001000
1101011001110011010000010011010001101100011001010011110100001011
0100100011100011110011011001000001100000011100110100010110101100
1110010101101100011011000000110000101100101110110001001001011111
0101101110011011101100101011101010111011011110001111110010101000
0000011000000100011100011000111111100110100000000111001001100100
1000010000010110111001111001011101000111100110010000101100000100
1000011110000110101000111101111111111100111000111101110010111110
1010000001100101011111010011110001100000101101010101101110010100
0111101010001100111010101010110110011101011110100011010100000000
1011000011100101100000111010110001111000111110111101101110100010
1111101001010101010000000000011001001011101111101110010001001100
1111100110001110010000011111010000001011001011111011000100000001
0000000111101110011111111110000001010101110011011100110110111110
0110010101001101100011001101000111110101010111011001101011010111
1101000000000011011000100100001010101110101101010101001100111010
0101000111011110000011110100110000000110001111111110111101010100
1011001100000011010110000111110011111101001100011110110001100111
1100000001001101000000110000111011000011110100100100111101001010
0110100100100100001101110001011010001100101000011101111011011110
0101011111101110111010100000001101111011100111110010000011010011
0000001101010100100010101111100111011110010100001010011001100000
1000011100000111110010000000110011111101011100000010010001110101
0101011010100110000110010010011000101110001100011101111011101100
1101100010011100111101010000100100100111110100101110010110100110
1111101001101001111100100111111011100110111101000100100001111101
0011010011010110010111111000101000111011010101011010011010100110
0000001010000111111001111010100110101110000010101110110010101101
0011000100011110100101100101000001101111101010111010101111101111
0111101100100110100100011001101111101011111000001100000100100001
0001000100100011111000010100011010010000000001010101101000011111
1010101000111111111010110110111111100110101111000110000101111001
1010001000100111111101011100000010010101010101110001001000001001
0110100011101001000001100111111100110101111011101101100101100011
0010001101000100001010100111111010101100001011111111110111011001
1100001010001001110101100011101001110011111001101001111011001100
1010011100101010010001110000011101110011010111010000110110001110
0100100010011011000000001110001110100010100101000101101010010111
1001100100000000010110110001111010101101011010010011111000101111
1010011011010011010100101011111101101001111001000001110001100100
0001001101001101011110000100011101110101000010011000010011111101
0000110000010000100100010101101000001111111001111101100010110000
1010100100101001000100100111000100101011110011001101001110111000
0100001001100100101101001110101001000111111001111111100110111000
0101001011101000001011111010000110100110011010101100100110011101
0011010110010100100111101001100011100010101100011110110111010100
0100010100011100111010000101101111110110000001100111010110100100
1000101101011100001000010001010000100111011100011101100000111111
0110001010001010111101110011101001111110111101001001100111001100
1000000011001001111011100100111001010101000011010000011001000100
0011110100101010101101110110110010000101010001101000111011101010
1100010010110100100001111111111101011101110000100110101110010011
1000100001110000111010100111110001010011000110100011100111110111
0100010010111010001111111100011001101110000100111101001011100110
0101011101101100001010100000110111000000100100100010111100000101
1010111011111010011101111010010011101010010011101011110100001001
0100011111001100001001001110001100111000011100111000100110000011
1100011011100100010101100000010111000110000110101110100000110001
1110011010011101010111100110000110101010101110111111011100010100
1101010011101110010101110100110001001001101110011001011000111010
1000110011111111111111000111001011110000010011111000011110111000
0100010000111011000100011101100001101111001111000111010100011100
1011101011011000011100000001110110110101000011011110011011001100
0110001100001111111010000001011000101101101011001011010101011111
0011000011011110100001011110010001100111001000101101100100110100
0010111001001101011000011111001011000111011001101110111010110100
1000011000111001011101100010101011111100001100000000000110010010
0001100100011101101000100111101000101001001111010011111011100101
0100111000010011101100010000001110000100010100101111110100110100
1101000000001111000010001010010010001000101111101110001000001010
1011011010010010011000010110000110001110001010111000010001110100
0010110110110000011111001001100000110010101110011110001011001000
1110100001000111001001111110010010100111000100110101000010010011
1100010100111111000110101001001001111011011010001011001100101101
0110110100100001001100101001011010001100001101110111001010011100
0010010000011110110101000010111011001100000110111110001010001011
1000100011001111010010010111100011111100100001101111101101000111
0111101001010000011000011001010101000001000111101110111100100010
0010110010110011101000110111111111100001111000111000001000111011
1110011001010001101100100111001011101110100011011101000111111101
1000100000100100011101010110111100110100010001110011101010010110
1001001011010110110011000101111010100011110011100111110001111011
0101011011100000101011000001000010111110101111000010000011110010
1101001110101101110000101001101010110101110010110100100101100011
0100101101101100101110011010010010001001010110110101011000110110
0010111000100101110011100110101110010101111010110000000010111110
0101100011011010011001110011000001000100110000110111111100011100
1100101000011010011001000010101110100000011100000010010010101110
1100001001001001011101100011100010100000010010101110000110010101
0000101000100110111001011111101101001011011010010011110010100111
1111100010110010110001011110101001110010100011001110111100001101
0111110010110011011000100001111111111101001011000101111001111100
0101000100010110001101011100111100000010100100110011101111011101
0011010010001001000011010111100001001101011001111001010010111011
0101111101110001001100111100110001000011000100010110110000010100
1001110111011010100110000101010011011010000011000111100111101000
1010101101110111000011100101101000001101110111010110110010010001
0010010111011101011001110011010110010001101111111000111111101100
0010001000000000110101000011010011110111011111001100011110100001
1110011011101011100101100011000101011110001001010011010010000101
0010001110101001010110010110011011101110100110010111100111101001
0011010100000111010100001100010100000001010011110110000000001011
1100000110000010001110100110001100101001100001011000101111101011
1101110110000011110000110011011111010101001001110010101100111011
1000111101011111101111000001100000111111001110000111010100011010
0000101001110111011100110011101101101111011010111111100010010101
0101011100000100000100110101110111110000101011111111001110101111
0000101110110010111101011101011011011000101100001101000001100000
1000000100011101111100001101001011000001000111101011110000100111
0010100111001001110010011110011001101011011101010000101100111101
0111110010000110010101101100100010101010111011100011011010001000
1111010100111001000011111110011000100011001010001001000000001010
1111110100000011101111111010000110000111101011001010010011100111
1011011100111110100111101111111110110010111001010011000100010111
1101101011100101101011110101010110100110000100101001101000100101
0100001101100111000110110100010010011001110000000111110101011000
0101001100010110100010011100011100001110100010001001011100001101
1100110010110010101100001000011011011000111010101101100011111001
1010110111010011101110001101010110011100110001101111100101011010
0000000000000000101010001001010100010111110101011100011101010111
1101010011101000011000111101110111111101010001010110111110110001
0011111101010011111101000010010000000001011111101001100111100111
0100011100011001010101110000111111011111000011110100100111101011
0001000111110010001111101000001010001100101100000010000011101110
0101110011011000001010110001010001101111111101001001010101000001
0100011001111010100011010100110010110111100101110000010111111001
0011011010100011110011000001011010111001100101001001001011100101
1110111100010100001111111101101001001111101100111011111000111010
1111100111100101101001011010000101101001110110001010111110111010
1010010111000000000011100110100010101100111011010011111010110101
0110000010011011010011110110111111000000011100010011110101111010
1000010011011001001010100001111111000011110000101111001110101000
0000001010000100111110000101011000001011011100101111111000100001
0000101000010010001101001100110010011110010011110010000111001111
0010001010110000101000010010101110100010100111100100011110001010
0110001101110110010011000100001101110110111100101100000111111111
1010101011100110111011110001101011011000111111011010100010011110
1100001010101001100100101100111111010000111111111010010000111010
0011111100010011101001110001001101110010010111110000010011111101
0110011010001111010011110111100110010001100000000100100110100111
0101110000111000111010111010010011111100011000011011011011000110
0000111000100110010101101000110111100010110010000101010100101001
0110111001000101111010010110001001111110111000000011011011110010
0111010000011010001110101111001111011111000011001000100100100110
1100110000011011111101001111001000011100000101111011000101011101
0011100000101111011100101100111001111001000101110010001111100111
0011111101100000111001010010001110010001110010010101110110111000
0111111101110010100101001111100001111110111010010001010011010101
1101111111000010000110000010101110011111100000011011001100101110
0011110110110111011010100100010001111101110010110101110100001100
0100010111101010011100001101000101000110011100010111100100100010
0100011100100101111111010010010111110001111110101110010010110010
0111110110011111100101001101111111000110111010000001001001001111
0011101111100011110100111010111011111111001010101100111100010001
0000100011110100010001101110100111100110010011000001101011101100
0101011111010011101011101010111001110101100101110111111110110100
0000110010110010000000110101110000101101010010000101111011001001
1001101110011110011110010010011010010110010000110110110100001011
0000100111100011101000100000011000111111111000100001010010011010
0101011011011111110111011011011100010110010010111011000110100100
0000001001110011111111001100101000011101100100110101000001010011
0011001011011001111000011100110011010000001001100010100111010011
0101101011000000111010111010011100110111110111101000010110101100
0110000000100000110010110101111001100110100000111010010001001111
1001000100011001000100101101011000011000110111100000101011000000
0111010001100010111101010011111101010011001001000110111010110100
0011111000100100011100000101110110101010011010110001111101001001
1000000110011010111001001100010010111101010010010001111011000001
0000101011110000111001111110101101111000110101001100010100000011
0000101110111100110101100001000110010100101110011001101101100101
0100100100110111111111010100001110011110111100110100010001100100
1101111011001010111001011100010000010011001111101010100010110111
1010111101010001110010001110011010010011100011010100000110000000
1111101010011110111011001000000001101011111101110011111011011100
0101111000010011100010000111010100101001110010010101111111000111
1110011000000110010101010001010111110010110110110111110011011111
0011100000111001110000010100100000101110111011111001111011011001
1101000001000110111100111100000101101101100011100000101011000000
0010111111011100010000101000100010001110101101100011001100001001
1010110011101101011101110101011100100100010110001110101011010001
1001000101111100001110011011000111011000101011010011110100101011
0101001000101000010011101010000111110100001101110001001011010011
1101001111111010110011111100100011010001010000101001001111000100
0100000010011101101011100100101100110010100111000011001110001001
0101001001110000011010101000001101001011011001101010111011101011
1111000110101001111000100001100011110111110011111010010011110011
0101001111000001010100110010000000111111100111010100100110110011
0111001101000101001001100111101101110100000000111010110110110110
0001000101111100011111010000010100100011111011000011111110100100
0000011100111000100101110001010001111001011111000001101001100000
0011001000101110111000111101111000111010111111101001100010010000
1000000101101001001001100001111011111001001001110101111111001100
1010100111011100001110100110011101100111000101111000011001100000
0000101010001101101110001001101000100010100011000110100001100111
0100011110000000111111101011000111011000110111000010110001011000
0101101011000110001100110100110100010001101100110111101010000111
0100101100011011111110000111001001000101111010010111001010000001
0100100011001000001110111001101111101110011001111101111011101011
1111101000001000001111001111111101110011100111101111110111101000
0111011000001011100000001000001110000110100111010010011111111000
1110001111110110001100001010011101111101111010010011000111011101
1001001010100101101001000011110011011000101010000011110001100110
0101001001001110100011101111000101000110111001100011101011110111
0010000011010111100110011001110101110110011010001111111011001101
0111110101010101010010011101111001100011101001111000111110000000
1111110000110011010100001111110000101101111000000110111101101111
0101001011001001100001010101010010010001100111010000010010100101
0101000111000001010010110001100111011000010110101001000100010100
0100101001110010100000110010011000011100001000100110011111011111
1101000001000010001010111100010110100010001010100111111100101001
1001010011001001110101110100100110000000000000100110110111100101
0011111111001110100001101011010001001010101101110100010110110110
0101110011010111000100101101101101000100110011111000101010010111
0110011110101111111100010011011011101001011001000110100001000011
1000011001011110100011000011111100001000001000100101010110100001
1100010111001111000101000101101011100110011110101101100010110011
0011010100110110101111101101101000001100110110011101100011010010
1110000000001111111011011011111011110011110011010000001011111111
1001011011001101011111000101001000110111011111100000110011001110
1101000100110000000110101001110010100001000111100011000011011101
1011000111000001101001010101111010101101010000100101101011100100
0101110001010011111001011110100110110111101110111100100010011101
0101010100100100100011000010011001101111001001100011000101001011
1110100000011011100110110101000101001001011010010010100110100000
1010100001101000111011001010101110100101101100010001110010001110
0000100111110001100011110111100100001000111110000111011000110010
1010111100011011010101111010100000001100011001000101001001000000
0001010001111100100000110110111101110010011100100100101111101110
0001100100101011111001100000110011111010010101101111111110011010
0110111011101001101111001101101000101110101100101011111101111001
1101111110000011010010100100101011000100000111001001001111100010
0101110111011000101111010110101011011010000011010101110111001100
1011010001111101110011001000110001010010000110010011000001011101
0010101100000000010111010010101011000010001110110000111000001001
0110100000100001110000001001110100011001101111001101110100101001
1111010010101110011100001010001110100011101001001101110010111101
1010110011100010011111011011001101110101011010000110010011010011
1011000011011000110001010011111001101110000100011001100001010101
0010100111101000100101100001101011010110010110000010101110100000
1011010001010001110100001111111110111010011010101011001010010100
0110100101001011100000011100110101000100111011000010001100110000
0011111110000001000100000011010100000110010000100111000010011011
1001111000011000011100001001010001101011111110100010111111000000
0001100011010010000100001110001011010010111011110011010001000001
0000011111110000100101100010100001111101111010101110001111110010
1011100101010100101011011110110011000110000000011010100010000001
1011101000010001101111011010010100100110100001001110100101011011
1101011111001011011001101100100111101001110111010111101110110100
0010100001110110000010000100001101100000101101111111011000111111
1011110010000110101001110101010101011010010101001100100111111111
0110001100101101110011101101101110001001111111110111000010000100
0010011111001100001000101000010101010000110101100010100111110110
0010000000001111101101010010011100111111110000000011101101001001
0011010001101000001100100110111000001101111000000000011011011000
0011101010110110001011011110111111000100111010110110000000110101
1000010101101001100010001111010000010111010000010100101000010110
0110010101010100011110110000110000000001001101011110110100000110
0100000101000110000110011000101111001001110000100011001011110101
1001110000010110111110100010110001011001110110110000100110111000
0011001111001001011100111100100011101000010000111100010011111011
0011001001011001101001100001101111001010000101010111110101110011
0001110010100110011101000011100100010000110100001011010111100110
1111010111100100001010001110101011010011010111100111010100110110
1000110011010000100100001001001011001101100111100001011011111101
0000101000100101000100000010111100110100100111010001100010001011
0111100011001110111101111111011110000001010101110001011000001000
0010111111101011000101111010000000100100001011000011011101100101
1000110011000000001111000111011100111100100011100001110001010101
0000100100101111111001110010001010001100010101010100011110110011
1100010000110101000101111111011110000110111010110000111110101001
1010110000110111111010101011111011100110101000101000101001001110
0000100100110101111000101010100010000001001110110010010001110000
1100000010110101011111011000110101000000100010111010100101011001
0000000011101100111001001110111010110010000100110101110000000101
0110111001011110111111000010111010010100001001001101101010000000
0110010110010101000010110000100000101101100110011011011010010110
1010011010011101110001110111110110010000101110000110100001010101
1100110011110111001011111110100011011011010001000100111100001100
0111111110111001100101001101110111010000001101110010110100001111
1010011011100110001111100111111101010000110111110001111000000111
0001100110011010011001110110101010101010110000001100111110110001
0111111100110101011000010111111100110001000111111000001100110000
1100110101011011001001000001011100000011010001100110000000100001
1100000101000101101010110100100100000010001101001010010111110010
0100100011010010110111011100010100000010001111101010110001001110
1001010100010001110011000010010110011001101111000110000010111010
0001001011001101000010011000100101110111000001111111011011000111
1101100001001000011111110010001100000111000010010100011100001110
1001111000000010001011110110010001100111011110010011010010100011
0011101010100011001100100001000011010111010101100100100000001110
0110101111111001100001001110110111111010110100001101110001101010
0111101111110110011100100111011011111010000000001000001001000111
0100110010010111011101001010001111101110101000111010001010000111
1100111011101010110101011111101100101100010110001100011011010001
1001111101010011000010001111010010000000111110010111111110101001
0100001110011111100011010011111111000100001010110011000100011101
0110101100101110100100010000001010010010001001001101001100011000
0001110010001110111111000010100011000000000011000110001100101110
1010010101000001100001101000001011111011000001010111101100010010
1001011000100110010110010111011000001001110111100111001010000101
1001011001010000100111001010101001000100000101000101011011011100
0010110111001001100010110011001101011110111000010101110000001010
0010010111101100000010101001011000111001101011011110110001110101
1011111111011011100010010101001010010100000101000100011001111001
1011011100101010101101000000100100010010010001000111010000001100
1101000101011101110001000011100100011111110100111010000100100010
1111100111000111100100100111101111001111101001101110000100111011
0001110001000101100011110001010011010100011100110001001110000111
1011010111101101111110110101000111101110111001010001010000110101
0111111011100010100101011000110000101100111010000000110010110001
0101101000110100001011110001111110110010011100111010000101100100
0110100101101001110011010111010101011000101110100010001111000011
0101001010000000100010011101001001010111110011100011111101101001
1000010110100100101011110001010001011010101010011110011111011010
0111111111110110100101111111011111001011011100011000111111101100
1100100101000110001011100011101010111111011000110111000110111000
1011101101111110110011000011101010010111101111010100001000010110
1011110000010000110001110110011011100101111000110100100100011110
1100011110011001110100011111110000010011101110000001110111111010
0100101100000010000000110110101011100010010011000000001101101001
1011110000100001100000101011010111101000011000011000010100000010
1000100011100000010111101111000011010101111001101000111100010001
0110000010011110000111111110101000010001111010110010011011101101
0100001001101101101011010010101000000001101100001000101000101010
0100001001110101001010001001011011100110000110011010011010110001
0110000110101101011110110010110001110011111001000010100001100100
1001010111110110010001010111011011001001000111000001010001111111
1111111000000110111100101111000111001000001000000010110000011100
