00110000
00000000
00000000
00000000
00000000
00000000
00000000
00000000
00000000
00001010
00110000
00000010
00000000
00000000
00000000
00000000
00000000
00000000
00000000
00000011
00010000
00010000
00010000
01100000
00000010
01110000
00000000
00000000
00000000
00000000
00000000
00000000
00000000
00100100
01100000
00000010
00100000
00100001
01110101
00000000
00000000
00000000
00000000
00000000
00000000
00000000
00100010
10100000
00010000
10110000
01100000
10000000
00110101
00110000
00001000
00000000
00000000
00000000
00000000
00000000
00000000
00000000
00000101
00110000
00001001
00000000
00000000
00000000
00000000
00000000
00000000
00000000
00001100
00010000
00010000
00010000
01100000
10001001
10010000
